354 23 3.77697
236 213 3.62298
168 118 3.00345
146 219 3.49114
855 328 3.94757
115 197 4.08069
267 10 3.7242
432 402 3.14818
99 157 3.84562
374 37 3.93803
407 49 4.19648
92 210 3.67517
388 161 3.77373
21 182 3.7398
165 267 3.12593
339 112 3.59953
493 65 3.83663
628 289 2.47504
382 264 3.93558
52 290 4.06612
29 235 3.01086
53 45 3.85968
419 91 3.81492
649 316 4.27147
93 125 3.40809
513 196 4.00376
412 55 3.21112
314 396 3.2811
502 4 3.20038
58 113 4.17086
322 55 3.29611
359 195 1.71447
491 35 3.68023
342 376 3.18915
361 580 2.47886
624 249 3.39675
285 132 3.5432
127 182 4.04553
58 278 2.2567
16 309 3.4261
20 325 3.86901
649 131 4.14547
12 387 3.05432
29 320 3.61867
165 181 3.61264
69 283 3.62518
829 300 2.99885
58 309 3.50378
54 316 4.09726
589 189 4.02369
396 153 3.21159
670 235 3.15764
363 84 2.96176
261 89 3.44062
454 303 3.48748
58 9 3.16746
331 230 2.55209
306 42 3.28015
29 249 3.22336
207 347 3.36424
306 307 3.30418
520 158 3.25751
860 149 3.20287
363 6 3.43282
126 158 3.15121
762 257 3.70087
141 279 3.61113
483 83 3.60188
426 213 3.59067
176 406 3.03572
363 319 4.09494
714 213 3.51971
254 97 3.69296
1034 82 3.21828
396 60 3.94644
39 189 4.23988
277 65 3.67266
398 406 2.86542
342 38 3.98871
215 83 3.89158
234 31 3.44272
496 272 3.58425
1247 158 3.27597
211 210 3.55121
76 10 3.33186
167 328 3.93317
42 38 4.03916
573 289 2.95024
882 453 3.40292
908 421 2.01316
681 260 3.4134
503 458 2.80887
77 158 3.34482
91 182 3.82326
783 38 4.11406
113 286 3.17671
339 272 3.679
855 96 3.88899
668 433 3.6224
745 82 3.19193
61 77 3.74611
75 207 3.32426
588 2 3.15457
30 129 3.1732
813 378 4.20789
77 70 4.10614
75 329 3.6837
339 149 3.22353
673 401 3.22892
254 135 3.53839
384 219 3.62667
384 21 3.27482
3 82 3.3219
58 65 3.82641
157 341 3.7257
419 125 3.39565
499 44 3.95378
744 501 4.14464
132 504 3.80182
268 81 3.66555
241 97 3.59202
40 152 3.60929
432 23 4.04113
212 217 3.22955
227 189 4.14907
1419 23 4.02581
371 164 3.8868
49 267 3.29021
58 449 3.34329
115 35 3.68689
599 158 3.16374
43 319 4.10429
681 249 3.45512
91 189 4.1786
13 187 3.35801
835 45 3.91436
27 470 3.20687
17 103 3.96211
473 313 3.42673
621 279 3.39769
287 341 3.55756
216 319 4.13109
287 297 3.70125
224 156 3.59863
74 19 2.75607
42 97 3.70224
38 61 3.90836
458 96 3.72134
5 277 3.29842
157 47 3.78288
864 73 3.91781
16 73 3.891
11 163 4.22648
215 198 3.2555
651 204 4.02704
267 163 4.18867
1003 257 3.8236
58 156 3.61785
1153 95 3.76575
426 161 3.78752
140 219 3.5471
632 108 3.47676
158 82 3.29668
307 437 3.44495
647 362 2.56894
359 105 3.68658
211 260 3.52468
361 284 3.32321
384 31 3.39775
325 304 4.12219
307 10 3.8185
388 265 3.5408
546 139 3.84941
324 49 4.0849
240 137 3.63588
503 297 3.58292
98 163 4.18162
128 7 3.72981
387 58 2.99616
641 572 3.55302
880 357 2.69816
651 74 3.99228
510 77 3.6283
367 107 3.56302
314 164 4.02518
908 20 3.28243
869 347 3.18472
917 157 3.89355
241 54 2.90865
307 277 3.14232
228 103 4.02289
1060 416 3.40826
125 49 4.20538
132 278 2.30732
35 369 3.39105
230 107 3.46105
627 290 3.80816
398 49 4.3444
13 406 2.84996
543 142 4.0271
11 99 2.73323
136 131 4.16036
761 138 3.87208
1419 10 3.67864
236 173 2.94685
458 65 3.7759
681 366 3.57092
29 58 2.93626
1153 154 3.80611
100 425 3.56918
835 34 3.6501
746 304 4.26996
115 53 4.0183
92 391 3.56446
254 309 3.52183
359 383 2.95088
359 139 3.81207
136 154 3.83526
520 309 3.51948
311 235 2.91071
535 163 4.2331
175 295 3.33093
28 37 4.04519
132 296 2.80513
661 223 3.02926
36 54 2.93039
426 63 3.48749
92 55 3.14896
430 95 3.69033
44 115 3.8758
325 38 4.01283
192 105 3.47691
799 161 3.56214
206 441 2.93777
313 452 2.63984
463 309 3.49551
104 214 3.48004
126 40 3.76732
214 181 3.45949
96 424 3.91888
720 463 3.29145
367 134 4.00423
69 25 3.04223
720 40 3.59507
10 252 3.63625
244 286 3.04813
374 437 3.46588
61 9 3.22117
42 101 2.9815
207 11 3.71669
99 396 3.31807
649 265 3.56
17 573 4.07228
360 290 3.69961
835 49 4.12223
775 182 3.80361
649 321 3.95843
331 45 3.92955
744 304 4.14043
496 157 3.83334
339 71 3.68913
458 568 2.91296
218 76 2.82115
255 77 3.73111
306 49 4.34407
99 117 2.98707
275 105 3.63724
34 230 2.81703
68 334 3.70923
261 568 2.90847
300 186 3.79289
95 52 4.10261
412 387 3.05398
342 147 3.12202
1013 243 3.5955
114 325 3.81968
75 254 3.33945
381 206 3.5356
436 323 3.26629
432 38 4.06168
285 19 2.90217
739 336 2.78245
157 6 3.35237
86 331 3.49155
17 391 3.63243
103 210 3.62472
322 351 3.72624
103 386 3.17642
464 70 4.04632
301 232 3.07803
194 153 3.44517
497 12 2.45989
277 23 3.45619
100 410 3.77669
41 568 2.89171
388 551 3.66033
241 15 2.89116
262 314 3.6748
384 239 4.21745
61 259 2.24185
116 49 4.19566
167 36 2.95013
43 74 4.01328
300 63 3.47517
11 183 2.25771
878 160 3.92995
153 307 3.25848
42 321 3.91731
813 96 3.74618
354 134 3.89564
783 207 3.48836
29 70 4.06257
253 544 4.25618
218 103 3.85659
412 419 2.40628
289 52 4.25843
363 149 3.14615
112 60 3.97421
357 314 3.77139
27 313 3.44086
95 81 3.69138
95 21 3.19893
29 81 3.67508
299 425 3.50766
720 181 3.64453
517 238 3.48416
670 221 3.3451
746 261 3.76783
13 421 2.02424
396 353 3.17608
1057 105 3.37258
466 252 3.59322
80 120 4.28567
96 311 2.9532
314 93 3.9458
97 49 4.27892
41 104 4.08445
458 55 3.10332
59 341 3.6524
882 419 2.29086
891 15 2.97944
319 162 3.64638
30 65 3.84848
367 307 3.32943
589 55 3.18761
237 525 2.16547
77 170 3.95032
447 163 4.29146
100 246 3.66665
54 320 3.62038
29 3 3.12157
18 10 3.75215
546 52 4.1578
745 152 3.76684
1419 297 3.44081
95 134 3.88266
153 204 4.13185
240 419 2.20277
1057 176 3.54497
780 148 3.31607
630 348 3.44126
178 123 3.66622
100 12 2.48932
422 353 3.16334
419 458 2.81498
381 229 3.94099
180 159 3.41368
835 289 3.02974
86 202 3.29268
307 21 3.3436
306 357 2.69379
107 441 2.83865
142 143 3.25389
651 52 4.19726
473 162 3.44684
74 444 3.8002
371 239 4.25459
387 53 3.87462
192 65 3.76749
437 61 4.18385
22 84 3.25645
30 307 3.08721
595 457 3.60917
258 79 3.58851
142 87 3.30722
235 254 3.33225
285 326 2.83694
75 52 4.14597
204 31 3.40179
855 278 2.29688
762 297 3.54301
13 140 2.66711
241 11 3.77353
68 142 4.03371
764 207 3.3594
261 132 3.64028
53 44 3.75979
363 333 2.9361
253 196 3.75448
383 23 3.8435
255 48 3.60011
555 176 3.51528
339 49 4.18995
595 49 4.19452
703 58 3.22684
454 307 3.19452
192 79 3.57867
292 15 2.96747
458 295 3.24015
217 181 3.81017
211 239 4.27398
136 189 4.13456
295 301 3.3921
668 104 3.8226
624 38 4.15932
74 98 2.25431
330 401 2.98861
630 198 3.36327
101 386 3.46207
127 65 3.75801
783 103 3.76743
371 444 3.76964
502 61 4.11842
69 29 3.82725
192 419 2.08984
234 25 2.86862
510 45 3.80754
36 121 3.41581
258 181 3.77982
20 278 2.32178
165 111 3.77629
118 257 3.79671
601 82 3.18295
53 79 3.5603
687 138 3.83897
254 354 4.13549
687 183 2.48814
395 9 3.23248
330 279 3.74521
157 124 2.89652
630 192 3.83669
211 217 3.38838
292 60 3.97159
300 73 3.88738
217 52 4.09824
357 40 3.90116
860 304 4.01735
167 21 3.13236
275 437 3.29433
1003 20 3.21462
463 457 3.55283
193 91 3.89079
648 44 3.77175
231 176 3.50283
20 2 3.16507
13 163 4.11969
29 261 3.75243
205 481 4.1145
300 389 3.67215
344 253 3.2635
855 160 4.02576
124 95 3.66414
228 206 3.73854
396 167 4.11242
668 191 3.78936
76 374 3.98234
28 181 3.65506
90 312 2.35916
40 138 3.80037
566 215 3.73714
603 161 3.66485
483 230 2.59053
464 189 4.17888
234 11 3.85825
783 105 3.77033
569 163 4.2921
357 309 3.48523
344 86 3.88757
157 311 2.95802
432 378 4.18297
127 284 3.36456
1003 53 3.98284
687 271 3.21778
42 364 3.13648
325 11 3.56245
157 235 3.13277
511 120 4.2114
391 249 3.68088
357 204 4.16717
439 212 3.39273
306 163 4.20464
75 181 3.59077
1028 30 3.57164
391 46 3.22192
780 254 3.36319
497 458 2.78437
10 249 3.29252
391 63 3.70955
112 210 3.78419
115 21 3.27527
41 79 3.51909
546 313 3.44936
90 421 2.06463
118 201 2.82267
158 34 3.78245
432 48 3.57959
77 20 3.24109
520 310 1.53084
29 501 4.12629
891 341 3.67031
124 295 3.30646
12 378 4.06781
17 142 4.03333
42 123 3.6108
99 54 2.8846
141 252 3.40667
506 48 3.34714
764 83 3.84093
100 458 2.82678
20 147 3.11892
125 401 2.84528
254 223 3.07008
267 102 2.4664
125 9 3.20213
114 195 1.6742
125 104 3.96958
193 125 3.33539
799 351 3.57655
406 21 3.40347
422 37 4.01973
178 160 4.03399
413 433 3.71457
206 401 3.12689
270 272 3.54088
621 34 3.89827
513 139 3.82805
601 284 3.50238
105 367 3.64131
132 96 3.94247
75 7 4.05034
381 74 4.04206
104 187 3.28094
520 246 3.5579
77 42 3.34023
454 306 3.79991
220 62 3.74766
205 152 3.56688
746 378 3.96909
313 140 2.67584
356 20 3.29227
101 215 3.66365
1057 43 3.43243
383 159 3.40561
555 161 3.61884
267 278 2.20767
107 691 3.46226
79 163 4.07957
261 197 3.97394
192 249 3.23355
648 272 3.47564
194 340 3.56305
758 317 3.97682
1028 154 3.8532
112 61 4.03307
374 249 3.44597
555 4 3.28276
367 38 4.11638
342 196 3.96758
200 482 3.52582
835 141 3.13923
509 219 3.53853
718 107 3.58386
200 30 3.49301
589 105 3.62421
69 181 3.69967
454 453 3.41042
194 354 4.12287
306 310 1.4457
207 170 3.9713
282 196 3.79746
451 106 3.69251
517 334 3.90139
464 442 3.75692
762 192 3.94862
535 307 3.29115
407 37 4.1999
92 302 3.94085
443 77 3.68165
503 111 3.68138
1057 323 3.35289
165 113 4.07889
10 307 3.33391
190 61 4.06786
917 290 3.99337
510 117 3.02571
344 186 3.8263
252 565 3.30598
419 152 3.52737
237 362 2.62984
588 105 3.58309
436 317 3.70891
105 74 3.9687
357 62 3.73243
573 217 3.25481
855 167 4.04654
267 109 3.6957
992 213 3.85654
269 87 3.26724
193 121 3.30651
622 113 3.97889
189 112 3.76502
900 272 3.62954
715 232 3.03388
668 465 4.0988
262 52 4.10267
144 367 3.66817
473 7 4.2832
641 96 4.10004
510 351 3.61591
363 34 3.70584
467 298 3.2282
206 83 3.69639
339 328 3.9539
783 84 3.21426
744 365 3.93244
570 91 3.78084
398 320 3.58765
520 160 4.13683
483 309 3.35547
603 198 2.96792
54 196 3.84627
463 154 3.86094
395 351 3.6617
319 23 4.00002
142 525 2.22777
628 257 3.96078
543 161 3.65318
214 310 1.45718
363 228 3.97292
29 35 3.68498
91 136 2.92783
395 173 2.85625
1419 65 3.73017
236 3 3.31918
511 42 3.41237
407 97 3.58558
96 140 2.59281
29 97 3.55424
275 156 3.65618
203 239 4.14003
499 432 3.63263
104 137 3.82692
466 61 4.15616
47 52 4.19881
443 186 3.82886
126 58 2.7589
764 453 3.43946
535 52 4.25505
398 76 2.86755
311 226 2.81515
241 267 3.17467
178 34 3.87736
292 141 3.07123
167 129 3.18827
589 348 3.40278
424 102 2.56534
211 87 3.28246
339 289 2.53461
16 326 2.83924
143 241 3.24823
255 348 3.36355
52 99 3.32048
325 4 3.27712
882 73 3.89468
342 170 3.93713
835 257 3.68835
241 333 2.98068
589 34 3.92415
105 213 3.86872
363 210 3.68246
86 214 3.68636
595 132 3.48916
115 34 3.84788
234 259 2.17102
424 306 3.73967
200 386 3.23548
437 137 3.75015
275 2 3.0231
261 163 4.10329
38 235 3.07695
114 21 3.25958
142 45 4.0481
47 163 4.08074
306 314 3.5624
194 367 3.69673
621 544 4.21824
419 93 3.89881
374 158 3.29842
880 53 3.85738
44 112 3.55925
120 173 2.99768
330 134 3.96359
758 45 3.85167
157 40 3.61387
142 266 3.36277
466 34 3.69548
29 195 1.49296
205 457 3.52757
68 463 3.24042
344 311 3.05882
125 259 2.1946
436 196 4.05545
20 125 3.41103
804 11 3.81691
535 44 3.62607
463 565 3.4629
458 130 3.3741
86 105 3.55394
651 152 3.59848
661 97 3.61655
627 202 3.38634
158 80 3.70632
917 310 1.50714
95 34 3.80073
76 432 3.62396
891 54 3.1842
253 31 3.28626
16 383 2.95916
11 325 3.75444
269 207 3.39818
289 279 3.50963
17 334 3.65882
91 396 3.3308
556 66 3.91364
281 277 3.35068
458 207 3.43995
105 475 3.08256
510 321 3.87573
311 157 4.00503
42 53 3.85364
342 61 4.02265
546 11 3.72695
437 406 2.93935
482 49 4.18974
192 354 4.12815
917 387 3.14543
167 38 3.72696
65 35 3.673
761 302 3.93684
381 53 4.11812
416 183 2.49979
292 457 3.52155
1153 102 2.50245
630 289 2.68277
142 312 2.29999
322 10 3.83875
325 378 4.04414
192 81 3.64894
422 66 3.93561
41 23 3.99403
635 204 4.16299
396 45 4.00265
569 252 3.56125
116 82 3.36621
391 82 3.25047
29 226 2.94218
42 82 3.32897
739 47 3.82473
443 163 4.24035
463 44 3.74258
69 229 4.01713
603 273 3.25276
371 103 4.01377
359 43 3.32094
513 302 3.90308
240 213 3.74469
59 215 3.61685
354 386 3.45157
661 121 3.30457
118 1 2.58102
75 31 3.53808
398 303 3.48833
503 158 3.11772
53 137 3.68292
125 316 4.12039
301 306 3.89604
106 48 3.65895
603 113 4.16391
28 347 3.30767
132 196 4.06102
267 264 3.66132
668 354 4.12921
458 286 3.04731
1028 164 3.96295
279 367 3.65267
387 504 3.79473
65 320 3.62091
339 387 2.93181
367 252 3.63651
120 437 3.38726
511 375 3.15698
206 341 3.63137
339 213 3.83475
93 347 3.19657
466 341 3.75915
739 437 3.32322
407 132 3.55976
556 320 3.49383
53 321 3.95911
715 147 3.27296
214 196 3.9808
132 341 3.76202
273 141 3.10161
22 259 2.27867
10 80 3.68497
30 106 3.76579
267 81 3.75014
91 271 3.16887
306 376 3.17156
363 191 3.86301
483 286 3.11263
603 433 3.77351
141 260 3.60947
212 125 3.36688
1129 134 3.93991
1003 70 4.12582
112 304 4.14048
426 137 3.50714
74 329 3.75487
396 95 3.56944
105 67 3.77553
90 293 3.65829
65 186 3.83939
128 44 4.07085
454 29 3.82287
106 112 3.53988
220 301 3.43096
555 235 3.22052
339 154 3.84236
569 189 4.06295
207 317 3.73648
115 2 2.9505
720 104 3.98874
799 82 3.22751
601 172 3.27061
718 49 4.23249
75 229 3.94727
775 211 3.33834
306 394 3.90512
880 82 3.19146
128 118 3.18359
212 160 3.88068
566 424 3.85529
180 289 2.79201
496 38 4.05431
65 691 3.46461
993 58 3.21663
882 264 3.89623
11 145 4.02543
136 204 4.15541
387 93 3.72263
374 32 3.20046
10 326 2.86381
322 437 3.49323
3 264 3.689
422 93 3.82831
661 367 3.68178
285 309 3.35474
621 77 3.83891
362 160 3.92609
630 25 2.92719
673 433 3.68268
228 257 3.82102
96 79 3.65567
204 82 3.04031
143 162 3.40412
882 79 3.61894
58 44 3.91501
482 148 3.42802
363 399 3.20168
310 23 3.95275
153 691 3.46868
1153 157 3.97648
566 203 3.98839
39 148 3.32127
619 138 3.90018
559 261 3.79524
252 73 3.83906
339 254 3.3136
254 182 3.54745
289 430 3.11676
1060 198 2.86542
829 241 3.1499
124 161 3.83835
13 286 3.07819
295 95 3.75595
300 80 3.68943
54 516 3.59353
105 331 3.44502
926 219 3.65788
65 244 3.66241
354 113 4.1233
603 437 3.3824
12 163 4.18652
714 237 3.13135
483 75 3.2081
253 304 4.1782
261 235 2.93964
258 52 4.20213
855 43 3.49244
330 79 3.63331
649 7 3.81833
142 317 3.89213
301 314 3.73498
556 63 3.53307
454 111 3.75478
275 53 3.96945
157 310 1.47141
204 9 3.17055
464 297 3.56095
359 77 3.59009
339 442 3.74173
39 99 2.99314
430 139 3.9684
88 55 3.17618
473 111 3.73608
589 162 3.68454
1153 47 3.71022
114 286 3.02056
509 53 3.86658
309 167 4.06524
175 365 3.915
502 47 3.81363
100 333 2.97095
513 366 3.60463
105 326 2.872
651 289 2.46828
432 414 2.77888
176 36 2.96611
176 301 3.40552
383 378 3.96369
360 383 2.80079
194 430 3.07606
467 303 3.44716
628 375 3.06885
573 374 3.8312
146 691 3.45713
39 260 3.51101
720 241 3.28132
41 351 3.73494
407 121 3.32474
714 55 3.28565
900 33 3.68996
214 169 3.12976
746 465 4.1403
483 375 3.2801
227 207 3.39679
384 70 4.06381
589 82 3.23192
387 402 2.78549
144 124 2.81804
252 52 4.14028
217 326 2.85722
426 257 3.87219
206 153 3.51787
289 58 3.19034
193 167 3.99475
35 52 4.04045
192 301 3.41025
39 284 3.40424
762 190 3.79925
180 96 3.86277
16 259 2.22522
437 313 3.44863
42 61 4.04988
122 388 1.93024
314 35 3.70222
387 162 3.4017
269 272 3.41198
493 226 2.96604
648 470 3.1121
112 42 3.12394
1129 161 3.61404
463 156 3.62399
69 163 4.29959
513 19 2.79111
387 272 3.38983
287 272 3.45272
388 48 3.62689
76 277 3.1414
114 138 3.9384
651 316 4.19137
651 132 3.60699
220 23 3.81812
354 105 3.47488
76 178 3.68099
860 139 3.8466
53 271 3.18819
292 215 3.72252
645 219 3.62405
